$cluster1
 [1]  17  41  46  84 103 225 282 286 306 317 340 344 359 391 393 412 425 427 446 520 534 545 560 566 577 684 705 709 744 765 770 786 810 822 847 868 879 902
[39] 951 969 970 986 996

$cluster2
  [1]    8   23   36   62   65   70   76   83   92   94  101  110  136  139  145  149  152  161  171  182  194  203  219  220  222  226  229  232  234  237
 [31]  250  254  256  277  278  281  299  307  331  333  335  337  343  360  374  416  447  449  454  480  482  493  503  517  543  553  555  569  573  579
 [61]  584  587  592  596  610  620  622  625  650  663  677  683  713  724  730  741  749  763  775  777  779  780  790  792  825  827  829  841  854  882
 [91]  889  892  906  910  919  927  940  956  957  962  964  968  987  991  992  993 1000

$cluster3
  [1]   1   4  11  16  31  32  34  42  43  44  45  51  57  58  61  63  67  74  88  90  98 112 113 114 142 151 192 196 204 209 221 224 239 242 245 261 264 266
 [39] 269 287 288 293 327 332 347 355 356 373 376 387 390 399 402 403 426 428 432 442 443 470 481 485 490 498 507 518 532 535 548 552 554 556 580 591 598 600
 [77] 604 613 619 623 630 633 636 669 670 689 690 697 707 714 720 738 755 761 766 782 791 798 800 802 805 831 855 861 874 884 888 895 900 905 909 913 922 929
[115] 939 941 946 949 952 953 954 966 971 979 998 999

